0 0.23813868613138692 0.9150684931506851 0.07846715328467153 0.11506849315068493
0 0.36222627737226276 0.9013698630136989 0.07846715328467153 0.11506849315068493
0 0.29288321167883213 0.7643835616438358 0.07846715328467153 0.11506849315068493
0 0.2089416058394161 0.63013698630137 0.07846715328467153 0.11506849315068493
0 0.2655109489051095 0.47123287671232894 0.07846715328467153 0.11506849315068493
0 0.20346715328467158 0.3150684931506851 0.07846715328467153 0.11506849315068493
0 0.32755474452554745 0.31780821917808233 0.07846715328467153 0.11506849315068493
0 0.2673357664233577 0.16164383561643852 0.07481751824817522 0.10958904109589036
0 0.3877737226277374 0.1575342465753426 0.07846715328467162 0.11232876712328768
0 0.5428832116788322 0.13150684931506865 0.07481751824817522 0.10958904109589036
0 0.663321167883212 0.12739726027397275 0.07846715328467162 0.11232876712328768
0 0.7782846715328471 0.1246575342465755 0.07846715328467162 0.11232876712328768
0 0.9087591240875915 0.11232876712328782 0.07299270072992686 0.12054794520547941
0 0.9635036496350367 0.282191780821918 0.07299270072992686 0.12054794520547941
0 0.8430656934306576 0.282191780821918 0.07299270072992685 0.1150684931506848
0 0.7281021897810226 0.28493150684931523 0.07299270072992685 0.1150684931506848
0 0.6040145985401465 0.2876712328767125 0.07299270072992685 0.1150684931506848
0 0.47992700729927074 0.28356164383561655 0.07664233576642315 0.11780821917808215
0 0.41970802919708095 0.44246575342465766 0.07664233576642315 0.11780821917808215
0 0.5401459854014604 0.44246575342465766 0.07664233576642315 0.11780821917808215
0 0.47810218978102254 0.5958904109589043 0.07664233576642315 0.11780821917808215
0 0.35310218978102254 0.5986301369863013 0.07846715328467127 0.11780821917808205
0 0.4187956204379569 0.765753424657534 0.07846715328467127 0.11780821917808205
0 0.5410583941605845 0.7575342465753424 0.07846715328467127 0.11780821917808205
0 0.48083941605839486 0.9136986301369862 0.07846715328467127 0.11780821917808205
0 0.6031021897810226 0.9054794520547944 0.07846715328467127 0.11780821917808205
0 0.6003649635036503 0.5945205479452056 0.0766423357664233 0.11506849315068461
0 0.6678832116788327 0.7616438356164384 0.0766423357664233 0.11506849315068461
0 0.7244525547445261 0.9123287671232877 0.0766423357664233 0.11506849315068461
0 0.8412408759124094 0.8986301369863015 0.0766423357664233 0.11506849315068461
0 0.9616788321167883 0.9068493150684932 0.0766423357664233 0.11506849315068461
0 0.7883211678832123 0.756164383561644 0.0766423357664233 0.11506849315068461
0 0.9160583941605845 0.7616438356164384 0.0766423357664233 0.11506849315068461
0 0.7262773722627743 0.6000000000000001 0.0766423357664233 0.11506849315068461
0 0.8394160583941612 0.5931506849315071 0.07299270072992706 0.1123287671232878
0 0.9644160583941604 0.602739726027398 0.07116788321167866 0.11506849315068468
0 0.9124087591240883 0.4424657534246579 0.07299270072992706 0.1123287671232878
0 0.7846715328467162 0.43972602739726 0.07664233576642386 0.11232876712328764
0 0.6697080291970812 0.4410958904109586 0.07664233576642386 0.11506849315068488
0 0.44890510948905205 0.030136986301369833 0.07664233576642315 0.060273972602739666
0 0.33394160583941696 0.030136986301369833 0.07664233576642315 0.060273972602739666
0 0.20437956204379654 0.030136986301369833 0.07664233576642315 0.060273972602739666
