0 0.8047445255474454 0.5013698630136985 0.07299270072992703 0.09863013698630134
0 0.7554744525547445 0.6328767123287671 0.07299270072992703 0.09863013698630134
0 0.8156934306569343 0.7643835616438356 0.07299270072992703 0.09863013698630134
0 0.7664233576642335 0.9095890410958904 0.07299270072992703 0.09863013698630134
0 0.6916058394160582 0.506849315068493 0.06569343065693449 0.09863013698630152
0 0.6578467153284672 0.6356164383561642 0.06751824817518251 0.09863013698630134
0 0.6094890510948904 0.7671232876712321 0.062043795620438214 0.0986301369863013
0 0.5593065693430654 0.9027397260273965 0.06021897810219018 0.09589041095890417
0 0.49908759124087576 0.7794520547945198 0.06021897810219018 0.09589041095890417
0 0.47262773722627716 0.8931506849315062 0.05839416058394188 0.093150684931507
0 0.38047445255474427 0.8917808219178076 0.05656934306569364 0.09041095890410972
0 0.30565693430656915 0.8780821917808213 0.052919708029197245 0.08493150684931522
0 0.21989051094890485 0.8794520547945197 0.04927007299270077 0.08219178082191844
0 0.15967153284671504 0.8684931506849302 0.04562043795620443 0.08219178082191839
0 0.0812043795620435 0.8657534246575329 0.04562043795620443 0.08219178082191839
0 0.053832116788320866 0.7520547945205465 0.045620437956204386 0.07945205479452142
0 0.06660583941605809 0.6506849315068479 0.045620437956204386 0.07945205479452142
0 0.046532846715328174 0.5383561643835602 0.045620437956204386 0.07945205479452142
0 0.05656934306569314 0.42876712328766975 0.04379562043795621 0.07945205479452142
0 0.032846715328466856 0.3273972602739711 0.04379562043795621 0.07945205479452142
0 0.04562043795620408 0.20958904109588897 0.04379562043795621 0.07945205479452142
0 0.021897810218978107 0.10273972602739584 0.04379562043795621 0.07945205479452142
0 0.06569343065693399 0.9589041095890406 0.043795620437956206 0.07671232876712417
0 0.13503649635036463 0.42465753424657393 0.04379562043795621 0.0821917808219187
0 0.10948905109489018 0.3150684931506835 0.04379562043795621 0.0821917808219187
0 0.12043795620437922 0.5342465753424643 0.04379562043795621 0.0821917808219187
0 0.14781021897810187 0.646575342465752 0.04379562043795621 0.0821917808219187
0 0.12956204379562009 0.7493150684931493 0.04379562043795621 0.07945205479452146
0 0.17700729927007264 0.7630136986301355 0.04379562043795621 0.07945205479452146
0 0.20985401459853975 0.6534246575342452 0.047445255474452566 0.07945205479452146
0 0.17700729927007253 0.5342465753424644 0.04744525547445254 0.08219178082191864
0 0.19708029197080246 0.4219178082191768 0.047445255474452525 0.08767123287671326
0 0.15875912408759077 0.3095890410958892 0.047445255474452525 0.08767123287671326
0 0.10218978102189734 0.1972602739726015 0.047445255474452525 0.08767123287671326
0 0.18430656934306522 0.1835616438356152 0.047445255474452525 0.08767123287671326
0 0.16058394160583894 0.07671232876712204 0.047445255474452525 0.08767123287671326
0 0.09945255474452509 0.09726027397260148 0.045620437956204365 0.084931506849316
0 0.2417883211678827 0.061643835616437104 0.045620437956204365 0.084931506849316
0 0.2545620437956199 0.16986301369862886 0.04927007299270075 0.0876712328767133
0 0.24178832116788268 0.29863013698630014 0.04927007299270075 0.0876712328767133
0 0.2837591240875907 0.41369863013698505 0.04927007299270075 0.0876712328767133
0 0.2600364963503644 0.5315068493150672 0.04927007299270075 0.0876712328767133
0 0.30291970802919654 0.6410958904109577 0.051094890510948926 0.0876712328767133
0 0.2709854014598535 0.7589041095890399 0.04927007299270075 0.0876712328767133
0 0.12226277372262725 0.9684931506849308 0.05109489051094892 0.06301369863013764
0 0.21989051094890455 0.9643835616438343 0.04927007299270098 0.07123287671233103
0 0.278284671532846 0.9698630136986286 0.049270072992700954 0.06027397260274134
0 0.3622262773722621 0.9712328767123277 0.05291970802919737 0.05753424657534408
0 0.43704379562043727 0.9780821917808211 0.05291970802919735 0.0438356164383576
0 0.5301094890510942 0.9780821917808211 0.05291970802919735 0.0438356164383576
0 0.4297445255474451 0.7643835616438344 0.056569343065693924 0.09315068493150604
0 0.3394160583941603 0.7684931506849304 0.054744525547445806 0.09041095890410862
0 0.37408759124087554 0.647945205479451 0.054744525547445806 0.09041095890410862
0 0.3302919708029194 0.5301369863013687 0.054744525547445806 0.09041095890410862
0 0.356751824817518 0.4054794520547933 0.05291970802919784 0.08767123287671152
0 0.3111313868613136 0.2890410958904097 0.05291970802919784 0.09041095890410876
0 0.34489051094890494 0.1575342465753412 0.05474452554744607 0.09041095890410876
0 0.3029197080291969 0.04520547945205438 0.05474452554744607 0.09041095890410876
0 0.42427007299270053 0.1410958904109576 0.056569343065694284 0.09589041095890324
0 0.4041970802919706 0.2780821917808206 0.056569343065694284 0.09589041095890324
0 0.4844890510948903 0.2643835616438343 0.056569343065694284 0.09589041095890324
0 0.5237226277372261 0.12602739726027268 0.05839416058394246 0.0986301369863005
0 0.60948905109489 0.10684931506849182 0.0656934306569356 0.10410958904109503
0 0.7262773722627732 0.08904109589040964 0.06934306569343204 0.1068493150684923
0 0.7928832116788316 0.21780821917808088 0.06751824817518387 0.1068493150684923
0 0.6824817518248171 0.2369863013698617 0.06934306569343204 0.1068493150684923
0 0.7390510948905105 0.3630136986301356 0.06934306569343204 0.1068493150684923
0 0.6395985401459854 0.37671232876712196 0.06751824817518387 0.10136986301369777
0 0.6012773722627732 0.5123287671232863 0.06386861313868722 0.09315068493150588
0 0.5556569343065686 0.6424657534246562 0.06386861313868769 0.09589041095890317
0 0.585766423357664 0.2547945205479439 0.06204379562043909 0.09863013698630053
0 0.5364963503649632 0.3917808219178069 0.06204379562043909 0.09863013698630053
0 0.4507299270072989 0.3972602739726013 0.05839416058394283 0.09863013698630077
0 0.49999999999999956 0.520547945205478 0.058394160583942846 0.09315068493150624
0 0.47080291970802884 0.6410958904109575 0.05839416058394283 0.09863013698630077
0 0.42062043795620396 0.5219178082191764 0.056569343065694576 0.0958904109589032
0 0.6642335766423354 0.893150684931505 0.06204379562043946 0.09863013698630092
0 0.40237226277372246 0.03835616438356121 0.05656934306569427 0.07671232876712242
0 0.4790145985401456 0.027397260273972154 0.06021897810219088 0.05479452054794431
0 0.7034671532846712 0.7753424657534234 0.06386861313868619 0.09863013698630116
