0 0.12864963503649635 0.7945205479452057 0.05291970802919707 0.07671232876712313
0 0.21441605839416059 0.7863013698630139 0.05291970802919707 0.07671232876712313
0 0.15602189781021897 0.693150684931507 0.05291970802919707 0.07671232876712313
0 0.12500000000000003 0.5808219178082193 0.05291970802919707 0.07671232876712313
0 0.20894160583941607 0.5753424657534248 0.05291970802919707 0.07671232876712313
0 0.28375912408759124 0.5808219178082193 0.05291970802919707 0.07671232876712313
0 0.24361313868613138 0.6876712328767125 0.05291970802919707 0.07671232876712313
0 0.3239051094890511 0.6904109589041099 0.05291970802919707 0.07671232876712313
0 0.2855839416058394 0.8000000000000002 0.05291970802919707 0.07671232876712313
0 0.2545620437956204 0.9013698630136989 0.05291970802919707 0.07671232876712313
0 0.16697080291970803 0.9068493150684934 0.05291970802919707 0.07671232876712313
0 0.37682481751824815 0.7890410958904112 0.05291970802919707 0.07671232876712313
0 0.3293795620437956 0.9068493150684934 0.05291970802919707 0.07671232876712313
0 0.14872262773722628 0.47123287671232894 0.05291970802919707 0.07671232876712313
0 0.23996350364963503 0.47123287671232894 0.05291970802919707 0.07671232876712313
0 0.11587591240875908 0.3671232876712331 0.05291970802919704 0.08219178082191761
0 0.20346715328467144 0.36438356164383584 0.05291970802919704 0.08219178082191761
0 0.14507299270072985 0.2493150684931509 0.05291970802919704 0.08219178082191761
0 0.11040145985401453 0.14520547945205503 0.05291970802919704 0.08219178082191761
0 0.1414233576642335 0.03698630136986291 0.05291970802919704 0.07397260273972582
0 0.23083941605839406 0.03424657534246566 0.05291970802919706 0.06849315068493132
0 0.3074817518248177 0.02876712328767114 0.05291970802919709 0.05753424657534228
0 0.19799270072992695 0.14520547945205503 0.05291970802919704 0.08219178082191761
0 0.27645985401459844 0.134246575342466 0.05291970802919704 0.08219178082191761
0 0.2746350364963502 0.35479452054794547 0.056569343065693285 0.0849315068493148
0 0.22171532846715308 0.2424657534246578 0.056569343065693285 0.0849315068493148
0 0.31295620437956184 0.23972602739726054 0.056569343065693285 0.0849315068493148
0 0.3184306569343064 0.4698630136986304 0.056569343065693285 0.0849315068493148
0 0.37135036496350343 0.571232876712329 0.056569343065693285 0.0849315068493148
0 0.3658759124087589 0.3575342465753428 0.056569343065693285 0.0849315068493148
0 0.39689781021897785 0.234246575342466 0.056569343065693285 0.0849315068493148
0 0.3640510948905107 0.13561643835616466 0.056569343065693285 0.0849315068493148
0 0.4443430656934304 0.12191780821917834 0.056569343065693285 0.0849315068493148
0 0.44799270072992675 0.3520547945205482 0.056569343065693285 0.0849315068493148
0 0.40784671532846695 0.4671232876712331 0.056569343065693285 0.0849315068493148
0 0.49543795620437936 0.4643835616438359 0.056569343065693285 0.0849315068493148
0 0.4571167883211677 0.5739726027397263 0.056569343065693285 0.0849315068493148
0 0.41514598540145964 0.6808219178082194 0.056569343065693285 0.0849315068493148
0 0.41879562043795604 0.9027397260273975 0.056569343065693285 0.0849315068493148
0 0.4571167883211677 0.7986301369863016 0.056569343065693285 0.0849315068493148
0 0.5009124087591238 0.686301369863014 0.056569343065693285 0.0849315068493148
0 0.5410583941605838 0.5657534246575345 0.056569343065693285 0.0849315068493148
0 0.5830291970802918 0.4589041095890413 0.056569343065693285 0.0849315068493148
0 0.5355839416058392 0.3438356164383564 0.056569343065693285 0.0849315068493148
0 0.48813868613138667 0.23150684931506874 0.056569343065693285 0.0849315068493148
0 0.533759124087591 0.12465753424657561 0.056569343065693285 0.0849315068493148
0 0.6231751824817516 0.1109589041095893 0.056569343065693285 0.0849315068493148
0 0.5793795620437954 0.22602739726027424 0.056569343065693285 0.0849315068493148
0 0.6249999999999998 0.34109589041095917 0.056569343065693285 0.0849315068493148
0 0.6742700729927005 0.4534246575342468 0.056569343065693285 0.0849315068493148
0 0.6286496350364961 0.5684931506849318 0.056569343065693285 0.0849315068493148
0 0.5866788321167882 0.6780821917808223 0.056569343065693285 0.0849315068493148
0 0.5447080291970801 0.7876712328767126 0.056569343065693285 0.0849315068493148
0 0.6359489051094889 0.8041095890410961 0.056569343065693285 0.0849315068493148
0 0.6779197080291969 0.6753424657534249 0.056569343065693285 0.0849315068493148
0 0.7180656934306567 0.5630136986301373 0.056569343065693285 0.0849315068493148
0 0.6706204379562041 0.21780821917808244 0.056569343065693285 0.0849315068493148
0 0.710766423357664 0.1109589041095893 0.056569343065693285 0.0849315068493148
0 0.805656934306569 0.1027397260273975 0.056569343065693285 0.0849315068493148
0 0.8968978102189779 0.09726027397260299 0.056569343065693285 0.0849315068493148
0 0.7691605839416057 0.20958904109589063 0.056569343065693285 0.09041095890410938
0 0.8640510948905109 0.20410958904109613 0.056569343065693285 0.09041095890410938
0 0.7135036496350363 0.3438356164383564 0.05839416058394145 0.09041095890410938
0 0.8120437956204378 0.3328767123287674 0.05839416058394145 0.09041095890410938
0 0.9032846715328466 0.32465753424657556 0.05839416058394145 0.09041095890410938
0 0.7645985401459854 0.44794520547945227 0.05839416058394145 0.09041095890410938
0 0.8667883211678832 0.44246575342465777 0.05839416058394145 0.09041095890410938
0 0.8156934306569341 0.5630136986301372 0.05839416058394145 0.09041095890410938
0 0.9032846715328466 0.5575342465753427 0.05839416058394145 0.09041095890410938
0 0.8576642335766422 0.6671232876712331 0.05839416058394145 0.09041095890410938
0 0.7645985401459854 0.6698630136986303 0.05839416058394145 0.09041095890410938
0 0.7226277372262773 0.7876712328767126 0.05839416058394145 0.09041095890410938
0 0.8193430656934305 0.7876712328767126 0.05839416058394145 0.09041095890410938
0 0.9069343065693429 0.7794520547945207 0.05839416058394145 0.09041095890410938
0 0.8667883211678832 0.9000000000000001 0.05839416058394145 0.09041095890410938
0 0.7682481751824817 0.8890410958904111 0.05839416058394145 0.09041095890410938
0 0.6806569343065693 0.908219178082192 0.05839416058394145 0.09041095890410938
0 0.5894160583941606 0.9027397260273975 0.05839416058394145 0.09041095890410938
0 0.5018248175182481 0.9136986301369865 0.05839416058394145 0.09041095890410938
0 0.39781021897810165 0.030136986301369757 0.058394160583941354 0.06027397260273951
0 0.48357664233576564 0.020547945205479347 0.05839416058394125 0.041095890410958694
0 0.30656934306569267 0.9753424657534245 0.05839416058394129 0.049315068493150316
0 0.4671532846715321 0.975342465753425 0.05839416058394129 0.049315068493150316
0 0.6368613138686123 0.975342465753425 0.05839416058394129 0.049315068493150316
0 0.8175182481751817 0.975342465753425 0.05839416058394129 0.049315068493150316
