0 0.07025547445255474 0.6 0.10401459854014598 0.14794520547945206
0 0.23722627737226276 0.5767123287671233 0.10218978102189782 0.1506849315068493
0 0.17518248175182477 0.7726027397260273 0.10218978102189782 0.14246575342465753
0 0.31569343065693434 0.7808219178082192 0.10218978102189782 0.14246575342465753
0 0.39051094890510946 0.5808219178082191 0.10218978102189782 0.14246575342465753
0 0.4781021897810219 0.7643835616438356 0.10218978102189782 0.14246575342465753
0 0.635036496350365 0.7780821917808218 0.10218978102189782 0.14246575342465753
0 0.551094890510949 0.5616438356164383 0.10218978102189782 0.14246575342465753
0 0.3102189781021898 0.3835616438356165 0.10218978102189782 0.14246575342465753
0 0.15510948905109487 0.38630136986301367 0.10218978102189782 0.14246575342465753
0 0.46715328467153283 0.3726027397260274 0.10218978102189782 0.14246575342465753
0 0.6240875912408759 0.3643835616438356 0.10218978102189782 0.14246575342465753
0 0.7846715328467146 0.3506849315068493 0.10218978102189773 0.15342465753424653
0 0.9489051094890512 0.34520547945205476 0.10218978102189773 0.15342465753424653
0 0.8667883211678826 0.5452054794520547 0.10218978102189773 0.15342465753424653
0 0.7116788321167877 0.558904109589041 0.10218978102189773 0.15342465753424653
0 0.7883211678832112 0.7479452054794515 0.09854014598540146 0.14794520547945278
0 0.9534671532846712 0.7452054794520541 0.09306569343065661 0.1479452054794526
0 0.8749999999999991 0.9232876712328764 0.09306569343065646 0.14246575342465836
0 0.7235401459854003 0.942465753424657 0.09306569343065646 0.11506849315068553
0 0.5593065693430647 0.9424657534246569 0.0967153284671529 0.1150684931506855
0 0.40237226277372184 0.950684931506849 0.09671532846715289 0.0986301369863016
0 0.2509124087591234 0.9465753424657533 0.0967153284671529 0.1068493150684933
0 0.09215328467153217 0.9561643835616437 0.0967153284671529 0.08767123287671245
0 0.02737226277372244 0.7999999999999997 0.05474452554744488 0.15342465753424708
0 0.05565693430656935 0.19041095890410958 0.1040145985401461 0.15068493150684925
0 0.2198905109489051 0.17945205479452056 0.1040145985401461 0.15068493150684925
0 0.37864963503649635 0.17123287671232876 0.1040145985401461 0.15068493150684925
0 0.5392335766423357 0.16301369863013698 0.1040145985401461 0.15068493150684925
0 0.7034671532846716 0.15479452054794518 0.11131386861313924 0.15616438356164378
0 0.865875912408759 0.14109589041095888 0.11131386861313924 0.15616438356164378
0 0.024635036496350415 0.39589041095890365 0.04927007299270083 0.15068493150684908
