0 0.35036496350364965 0.2506849315068493 0.08029197080291971 0.1123287671232876
0 0.4726277372262773 0.24520547945205481 0.08029197080291971 0.1123287671232876
0 0.41058394160583944 0.4095890410958903 0.07664233576642336 0.1123287671232876
0 0.5328467153284672 0.4041095890410958 0.07664233576642336 0.1123287671232876
0 0.6487226277372264 0.4123287671232873 0.07116788321167852 0.11232876712328756
0 0.34854014598540156 0.5630136986301368 0.07664233576642336 0.1123287671232876
0 0.469890510948905 0.5643835616438354 0.07846715328467162 0.12054794520547933
0 0.5894160583941606 0.5657534246575342 0.07299270072992696 0.11780821917808205
0 0.7153284671532846 0.563013698630137 0.07299270072992696 0.11780821917808205
0 0.824817518248175 0.5630136986301367 0.07664233576642342 0.1178082191780821
0 0.9452554744525545 0.5602739726027395 0.07664233576642342 0.1178082191780821
0 0.9781021897810217 0.40684931506849303 0.04379562043795627 0.11780821917808205
0 0.8749999999999997 0.4123287671232867 0.07481751824817556 0.11780821917808205
0 0.7691605839416056 0.4068493150684922 0.07481751824817556 0.11780821917808205
0 0.8905109489051093 0.7164383561643823 0.07299270072992746 0.11232876712328785
0 0.9808394160583938 0.7109589041095872 0.03832116788321131 0.11232876712328782
0 0.9507299270072981 0.8643835616438328 0.08029197080292017 0.11232876712328789
0 0.8275547445255461 0.8671232876712299 0.07481751824817595 0.11232876712328789
0 0.7709854014598527 0.7164383561643807 0.07481751824817595 0.11232876712328789
0 0.7217153284671519 0.8753424657534218 0.07481751824817595 0.11232876712328789
0 0.6541970802919695 0.7136986301369833 0.07481751824817595 0.11232876712328789
0 0.5948905109489036 0.8712328767123257 0.07664233576642433 0.11506849315068561
0 0.5264598540145972 0.719178082191778 0.07481751824817595 0.11232876712328789
0 0.4060218978102177 0.723287671232874 0.07846715328467217 0.11506849315068517
0 0.46989051094890355 0.8780821917808193 0.08211678832116799 0.11780821917808253
0 0.34671532846715164 0.8808219178082166 0.0802919708029198 0.11780821917808253
0 0.35036496350364954 0.030136986301369822 0.08029197080291968 0.060273972602739645
0 0.47445255474452547 0.03698630136986296 0.08029197080291967 0.07397260273972592
0 0.5948905109489051 0.03698630136986296 0.08029197080291967 0.07397260273972592
0 0.7116788321167882 0.041095890410958846 0.08029197080291967 0.08219178082191769
0 0.8375912408759122 0.041095890410958846 0.08029197080291967 0.08219178082191769
0 0.9607664233576636 0.042465753424657485 0.07846715328467128 0.08493150684931497
