0 0.072992700729927 0.12328767123287672 0.08029197080291972 0.10958904109589039
0 0.18248175182481752 0.12054794520547947 0.08029197080291972 0.10958904109589039
0 0.3102189781021898 0.1315068493150685 0.08029197080291972 0.10958904109589039
0 0.4215328467153284 0.12054794520547947 0.08029197080291972 0.10958904109589039
0 0.5310218978102189 0.1315068493150685 0.08029197080291972 0.10958904109589039
0 0.1240875912408759 0.26849315068493157 0.08029197080291972 0.10958904109589039
0 0.02645985401459854 0.26849315068493124 0.05291970802919708 0.1095890410958903
0 0.06751824817518248 0.4191780821917808 0.08029197080291972 0.10958904109589039
0 0.1240875912408759 0.5643835616438356 0.08029197080291972 0.10958904109589039
0 0.19708029197080293 0.4219178082191781 0.08029197080291972 0.10958904109589039
0 0.25547445255474455 0.27397260273972607 0.08029197080291972 0.10958904109589039
0 0.3686131386861314 0.26849315068493157 0.08029197080291972 0.10958904109589039
0 0.4790145985401459 0.2739726027397259 0.07481751824817526 0.10958904109589036
0 0.5912408759124088 0.265753424657534 0.07299270072992685 0.10958904109589028
0 0.6468978102189782 0.12328767123287675 0.07481751824817513 0.10958904109589035
0 0.6989051094890512 0.26849315068493124 0.07299270072992685 0.1095890410958903
0 0.8229927007299271 0.27123287671232854 0.07299270072992685 0.1095890410958903
0 0.9288321167883212 0.27123287671232854 0.07299270072992685 0.1095890410958903
0 0.7591240875912411 0.13150684931506823 0.07299270072992685 0.1095890410958903
0 0.8722627737226278 0.12876712328767098 0.07299270072992685 0.1095890410958903
0 0.9735401459854012 0.1260273972602737 0.05291970802919644 0.10958904109589027
0 0.8704379562043796 0.4164383561643834 0.07299270072992685 0.1095890410958903
0 0.7645985401459855 0.41369863013698605 0.07299270072992685 0.1095890410958903
0 0.6478102189781023 0.4164383561643834 0.07299270072992685 0.1095890410958903
0 0.5364963503649636 0.41917808219178065 0.07299270072992685 0.1095890410958903
0 0.4251824817518248 0.41917808219178065 0.07299270072992685 0.1095890410958903
0 0.312043795620438 0.4164383561643834 0.07299270072992685 0.1095890410958903
0 0.25364963503649635 0.5616438356164379 0.07664233576642326 0.1095890410958902
0 0.3667883211678833 0.5616438356164382 0.07299270072992685 0.1095890410958903
0 0.4781021897810219 0.5616438356164382 0.07299270072992685 0.1095890410958903
0 0.593065693430657 0.5561643835616437 0.07299270072992685 0.1095890410958903
0 0.6989051094890512 0.5589041095890409 0.07299270072992685 0.1095890410958903
0 0.8175182481751826 0.5534246575342464 0.07299270072992685 0.1095890410958903
0 0.9251824817518249 0.5534246575342464 0.07299270072992685 0.1095890410958903
0 0.9744525547445252 0.4164383561643834 0.05109489051094851 0.10958904109589028
0 0.427007299270073 0.7123287671232876 0.07299270072992685 0.1095890410958903
0 0.5346715328467154 0.7041095890410958 0.07299270072992685 0.1095890410958903
0 0.655109489051095 0.7123287671232876 0.07299270072992685 0.1095890410958903
0 0.7627737226277373 0.7013698630136986 0.07299270072992685 0.1095890410958903
0 0.8795620437956205 0.7013698630136986 0.07299270072992685 0.1095890410958903
0 0.3102189781021898 0.7095890410958903 0.07299270072992685 0.1095890410958903
0 0.18795620437956206 0.7095890410958903 0.07299270072992685 0.1095890410958903
0 0.07299270072992703 0.7123287671232876 0.07299270072992685 0.1095890410958903
0 0.026459854014598463 0.5698630136986296 0.052919708029196925 0.10958904109589021
0 0.13321167883211682 0.8602739726027397 0.07299270072992685 0.1095890410958903
0 0.25547445255474455 0.8438356164383563 0.07299270072992685 0.1095890410958903
0 0.3667883211678833 0.8547945205479452 0.07299270072992685 0.1095890410958903
0 0.47992700729927007 0.8493150684931507 0.07299270072992685 0.1095890410958903
0 0.5894160583941607 0.8520547945205479 0.07299270072992685 0.1095890410958903
0 0.7080291970802921 0.8438356164383563 0.07299270072992685 0.1095890410958903
0 0.8284671532846717 0.8493150684931507 0.07299270072992685 0.1095890410958903
0 0.9361313868613139 0.8383561643835616 0.07299270072992685 0.1095890410958903
0 0.9790145985401457 0.7013698630136983 0.0419708029197076 0.10958904109589027
0 0.024635036496350286 0.8657534246575344 0.04927007299270057 0.10958904109589028
0 0.08576642335766425 0.9712328767123286 0.07299270072992683 0.057534246575342306
0 0.20255474452554745 0.9657534246575342 0.07299270072992682 0.06301369863013682
0 0.3102189781021898 0.9712328767123288 0.07299270072992683 0.057534246575342306
0 0.42700729927007297 0.9630136986301372 0.07299270072992683 0.07397260273972588
0 0.5364963503649636 0.9712328767123288 0.07299270072992683 0.057534246575342306
0 0.644160583941606 0.9616438356164383 0.07299270072992685 0.07671232876712308
0 0.7645985401459856 0.9684931506849317 0.07299270072992683 0.06301369863013684
0 0.868613138686132 0.9561643835616438 0.07299270072992686 0.08767123287671186
0 0.9744525547445256 0.9589041095890409 0.05109489051094851 0.08219178082191718
