0 0.2563868613138686 0.1054794520547945 0.0894160583941606 0.12876712328767123
0 0.385948905109489 0.1136986301369863 0.0894160583941606 0.12876712328767123
0 0.19434306569343066 0.27534246575342464 0.0894160583941606 0.12876712328767123
0 0.3211678832116787 0.2712328767123288 0.08759124087591244 0.126027397260274
0 0.260948905109489 0.4301369863013699 0.08759124087591244 0.126027397260274
0 0.1952554744525547 0.6 0.08759124087591244 0.126027397260274
0 0.32390510948905105 0.5863013698630138 0.07846715328467156 0.11506849315068474
0 0.4498175182481752 0.5835616438356166 0.07846715328467156 0.11506849315068474
0 0.2655109489051094 0.7424657534246576 0.07846715328467156 0.11506849315068474
0 0.39142335766423353 0.7369863013698631 0.07846715328467156 0.11506849315068474
0 0.20164233576642335 0.8890410958904108 0.07846715328467162 0.10684931506849357
0 0.33211678832116787 0.8753424657534243 0.07664233576642335 0.10684931506849357
0 0.44981751824817506 0.8780821917808218 0.07846715328467162 0.10684931506849357
0 0.5611313868613137 0.8575342465753424 0.07481751824817506 0.10410958904109634
0 0.6833941605839413 0.8684931506849314 0.07481751824817506 0.10410958904109634
0 0.7892335766423356 0.8493150684931505 0.07481751824817506 0.10410958904109634
0 0.9069343065693429 0.8465753424657533 0.06569343065693398 0.10410958904109663
0 0.9808394160583943 0.8191780821917807 0.03832116788321113 0.10958904109589074
0 0.9580291970802918 0.6958904109589039 0.06569343065693398 0.10410958904109663
0 0.9224452554744527 0.5684931506849312 0.07116788321167791 0.10684931506849411
0 0.8768248175182483 0.42602739726027367 0.07116788321167791 0.10684931506849411
0 0.968978102189781 0.4123287671232875 0.06204379562043627 0.1068493150684941
0 0.9324817518248172 0.26712328767123256 0.0729927007299257 0.12328767123287783
0 0.8868613138686128 0.10821917808219145 0.0729927007299257 0.12328767123287783
0 0.8102189781021895 0.26712328767123256 0.0729927007299257 0.12328767123287783
0 0.7554744525547441 0.10821917808219145 0.0729927007299257 0.12328767123287783
0 0.6478102189781018 0.11095890410958868 0.0802919708029182 0.12328767123287791
0 0.7025547445255471 0.26712328767123256 0.0729927007299257 0.12328767123287783
0 0.7499999999999997 0.4150684931506845 0.0729927007299257 0.12328767123287783
0 0.7992700729927005 0.561643835616438 0.06934306569342934 0.115068493150686
0 0.8558394160583939 0.7109589041095886 0.07299270072992556 0.10684931506849425
0 0.6970802919708027 0.5835616438356162 0.06934306569342934 0.115068493150686
0 0.7445255474452552 0.7123287671232873 0.06934306569342934 0.115068493150686
0 0.6332116788321166 0.7260273972602737 0.06934306569342934 0.115068493150686
0 0.5729927007299268 0.5726027397260272 0.06934306569342934 0.115068493150686
0 0.5091240875912406 0.7205479452054792 0.06934306569342934 0.115068493150686
0 0.6441605839416056 0.4342465753424656 0.07299270072992557 0.1123287671232887
0 0.5164233576642332 0.4260273972602737 0.07299270072992557 0.1123287671232887
0 0.3905109489051092 0.4369863013698624 0.07664233576642188 0.11232876712328867
0 0.576642335766423 0.2671232876712322 0.07664233576642188 0.11232876712328867
0 0.45346715328467113 0.27260273972602667 0.08211678832116633 0.11780821917808332
0 0.5118613138686128 0.10821917808219102 0.08211678832116633 0.11780821917808332
