0 0.1569343065693431 0.8397260273972601 0.06934306569343075 0.106849315068493
0 0.26824817518248184 0.8506849315068492 0.06934306569343075 0.106849315068493
0 0.208029197080292 0.7191780821917808 0.07299270072992703 0.10684931506849304
0 0.09124087591240876 0.7164383561643836 0.07299270072992703 0.10684931506849304
0 0.14963503649635038 0.5575342465753426 0.07299270072992703 0.10684931506849304
0 0.26277372262773724 0.5602739726027398 0.07299270072992703 0.10684931506849304
0 0.2007299270072993 0.4205479452054795 0.07299270072992703 0.10684931506849304
0 0.08029197080291967 0.42191780821917796 0.07299270072992699 0.11506849315068518
0 0.260948905109489 0.2630136986301369 0.07299270072992699 0.11506849315068518
0 0.14051094890510943 0.26575342465753415 0.07299270072992699 0.11506849315068518
0 0.047445255474452525 0.1369863013698629 0.07299270072992699 0.11506849315068518
0 0.19890510948905107 0.1095890410958903 0.07299270072992699 0.11506849315068518
0 0.31934306569343063 0.11506849315068482 0.07299270072992699 0.11506849315068518
0 0.03375912408759123 0.5698630136986303 0.06751824817518245 0.11506849315068518
0 0.03923357664233574 0.8547945205479452 0.07116788321167879 0.11506849315068518
0 0.32208029197080285 0.41369863013698627 0.07116788321167879 0.11506849315068518
0 0.3768248175182481 0.25753424657534246 0.07116788321167879 0.11506849315068518
0 0.4443430656934306 0.11232876712328764 0.07116788321167879 0.11506849315068518
0 0.4972627737226276 0.2657534246575342 0.07116788321167879 0.11506849315068518
0 0.5538321167883211 0.11506849315068489 0.07116788321167879 0.11506849315068518
0 0.44069343065693417 0.41369863013698627 0.07116788321167879 0.11506849315068518
0 0.6031021897810218 0.2657534246575342 0.07116788321167879 0.11506849315068518
0 0.6687956204379562 0.11780821917808217 0.07116788321167879 0.11506849315068518
0 0.7892335766423357 0.13972602739726026 0.07116788321167879 0.11506849315068518
0 0.7180656934306568 0.26849315068493146 0.07116788321167879 0.11506849315068518
0 0.552007299270073 0.410958904109589 0.07116788321167879 0.11506849315068518
0 0.38047445255474444 0.5506849315068493 0.07116788321167879 0.11506849315068518
0 0.4936131386861313 0.5561643835616438 0.07116788321167879 0.11506849315068518
0 0.6012773722627736 0.547945205479452 0.07116788321167877 0.10958904109589065
0 0.6706204379562044 0.41369863013698627 0.07116788321167879 0.10958904109589065
0 0.7746350364963505 0.4136986301369862 0.07116788321167879 0.10958904109589065
0 0.8257299270072993 0.2876712328767122 0.07116788321167879 0.10958904109589065
0 0.9023722627737224 0.14246575342465742 0.07116788321167877 0.09863013698630159
0 0.9425182481751823 0.28219178082191765 0.07116788321167877 0.09863013698630159
0 0.9041970802919705 0.42876712328767114 0.07116788321167877 0.10684931506849353
0 0.9315693430656933 0.5602739726027397 0.07116788321167877 0.10684931506849353
0 0.81478102189781 0.5438356164383561 0.07116788321167877 0.10684931506849353
0 0.7125912408759122 0.5465753424657533 0.07116788321167877 0.10684931506849353
0 0.7636861313868607 0.6863013698630134 0.06751824817518276 0.10136986301369914
0 0.8822992700729921 0.6945205479452052 0.06751824817518276 0.10136986301369914
0 0.6651459854014594 0.6999999999999997 0.06751824817518276 0.10136986301369914
0 0.8074817518248171 0.8123287671232875 0.06751824817518276 0.10136986301369914
0 0.9224452554744519 0.8205479452054791 0.06751824817518276 0.10136986301369914
0 0.7089416058394156 0.8260273972602739 0.06751824817518276 0.10136986301369914
0 0.5520072992700726 0.6999999999999997 0.06751824817518276 0.10136986301369914
0 0.5976277372262768 0.8205479452054791 0.06751824817518276 0.10136986301369914
0 0.6596715328467149 0.9616438356164382 0.0675182481751828 0.07671232876712365
0 0.7582116788321158 0.9520547945205474 0.0675182481751828 0.09589041095890508
0 0.8713503649635027 0.9520547945205474 0.0675182481751828 0.09589041095890508
0 0.9662408759124087 0.9465753424657529 0.0675182481751828 0.09589041095890508
0 0.5465328467153278 0.9561643835616432 0.06751824817518283 0.08767123287671316
0 0.49361313868613044 0.8424657534246573 0.06751824817518286 0.10684931506849325
0 0.4416058394160575 0.7109589041095887 0.06934306569343104 0.10684931506849325
0 0.32481751824817434 0.7027397260273969 0.06934306569343104 0.10684931506849325
0 0.37773722627737144 0.8369863013698629 0.06934306569343104 0.10684931506849325
0 0.44251824817518176 0.9684931506849311 0.07116788321167905 0.06301369863013634
0 0.32755474452554667 0.9671232876712322 0.07116788321167905 0.06575342465753344
0 0.10127737226277295 0.9671232876712332 0.07116788321167905 0.06575342465753344
0 0.9771897810218977 0.6972602739726027 0.045620437956204116 0.10684931506849342
0 0.9835766423357662 0.42602739726027317 0.032846715328466336 0.1068493150684934
0 0.9835766423357668 0.14383561643835535 0.032846715328466336 0.1068493150684934
0 0.21259124087591158 0.9739726027397262 0.071167883211679 0.05205479452054682
0 0.020985401459854006 0.29863013698630125 0.04197080291970801 0.11506849315068512
