0 0.14233576642335763 0.13835616438356169 0.06204379562043793 0.07945205479452057
0 0.22992700729927 0.13013698630136988 0.06204379562043793 0.07945205479452057
0 0.3010948905109489 0.13287671232876716 0.051094890510948794 0.07945205479452057
0 0.3768248175182483 0.13013698630136994 0.04562043795620407 0.07945205479452057
0 0.4416058394160586 0.13561643835616444 0.05109489051094851 0.073972602739726
0 0.5091240875912407 0.13287671232876713 0.043795620437956526 0.07397260273972607
0 0.5675182481751826 0.13835616438356169 0.04379562043795587 0.07945205479452057
0 0.10857664233576637 0.23972602739726023 0.0565693430656934 0.07945205479452067
0 0.18978102189781018 0.23698630136986296 0.05839416058394154 0.07945205479452057
0 0.15054744525547437 0.34109589041095895 0.060218978102189735 0.07945205479452057
0 0.11313868613138682 0.4506849315068493 0.06204379562043793 0.07945205479452057
0 0.1642335766423357 0.5438356164383562 0.06204379562043793 0.07945205479452057
0 0.12773722627737222 0.6452054794520548 0.06204379562043793 0.07945205479452057
0 0.17153284671532842 0.7465753424657534 0.06204379562043793 0.07945205479452057
0 0.13321167883211676 0.8479452054794521 0.054744525547445216 0.07945205479452057
0 0.21806569343065685 0.826027397260274 0.05656934306569346 0.0794520547945206
0 0.21259124087591236 0.6397260273972607 0.05656934306569326 0.07945205479452057
0 0.24726277372262764 0.5301369863013699 0.056569343065693334 0.07945205479452061
0 0.20620437956204374 0.4342465753424658 0.05474452554744524 0.0794520547945206
0 0.2791970802919707 0.22328767123287666 0.05839416058394157 0.07945205479452057
0 0.24087591240875902 0.3328767123287672 0.06204379562043793 0.07945205479452057
0 0.31569343065693417 0.32739726027397276 0.05109489051094883 0.0794520547945206
0 0.3521897810218978 0.22328767123287657 0.05109489051094871 0.07945205479452057
0 0.42335766423357674 0.22054794520547932 0.04744525547445246 0.07945205479452057
0 0.3905109489051095 0.31917808219178073 0.05109489051094871 0.07945205479452057
0 0.45072992700729925 0.3164383561643835 0.05109489051094871 0.07945205479452057
0 0.4835766423357664 0.22328767123287657 0.04744525547445242 0.07945205479452057
0 0.5529197080291972 0.221917808219178 0.04744525547445236 0.07671232876712339
0 0.6113138686131387 0.2191780821917807 0.043795620437955804 0.07123287671232884
0 0.6295620437956205 0.13698630136986295 0.043795620437955804 0.07123287671232884
0 0.68521897810219 0.14383561643835605 0.038321167883211604 0.06849315068493154
0 0.7235401459854017 0.22328767123287663 0.038321167883211604 0.06849315068493154
0 0.6797445255474456 0.22328767123287663 0.038321167883211604 0.06849315068493154
0 0.694343065693431 0.310958904109589 0.038321167883211604 0.06849315068493154
0 0.7290145985401463 0.39041095890410943 0.038321167883211604 0.06849315068493154
0 0.7308394160583944 0.543835616438356 0.038321167883211604 0.06849315068493154
0 0.7308394160583944 0.7082191780821916 0.038321167883211604 0.06849315068493154
0 0.7308394160583944 0.8616438356164382 0.038321167883211604 0.06849315068493154
0 0.7052919708029199 0.7876712328767121 0.038321167883211604 0.06849315068493154
0 0.6706204379562046 0.7191780821917807 0.038321167883211604 0.06849315068493154
0 0.7034671532846718 0.628767123287671 0.038321167883211604 0.06849315068493154
0 0.6669708029197083 0.5575342465753423 0.038321167883211604 0.06849315068493154
0 0.694343065693431 0.47260273972602723 0.038321167883211604 0.06849315068493154
0 0.6669708029197083 0.39041095890410943 0.038321167883211604 0.06849315068493154
0 0.6414233576642339 0.30547945205479443 0.038321167883211604 0.06849315068493154
0 0.5766423357664237 0.3095890410958903 0.04014598540145957 0.07671232876712328
0 0.6149635036496351 0.3958904109589039 0.04014598540145957 0.07397260273972604
0 0.5784671532846717 0.4780821917808219 0.040145985401459555 0.06849315068493135
0 0.6459854014598543 0.4767123287671231 0.040145985401459555 0.07123287671232884
0 0.6186131386861315 0.5630136986301371 0.040145985401459555 0.06849315068493135
0 0.6496350364963506 0.6424657534246576 0.040145985401459555 0.06849315068493135
0 0.6186131386861315 0.7356164383561642 0.040145985401459555 0.06849315068493135
0 0.6532846715328469 0.8095890410958902 0.040145985401459555 0.06849315068493135
0 0.6751824817518249 0.8780821917808218 0.040145985401459555 0.06849315068493135
0 0.6295620437956205 0.9027397260273972 0.040145985401459555 0.06849315068493135
0 0.5912408759124089 0.8205479452054792 0.040145985401459555 0.06849315068493135
0 0.5547445255474455 0.7465753424657532 0.040145985401459555 0.06849315068493135
0 0.5885036496350365 0.6547945205479452 0.04562043795620419 0.07123287671232854
0 0.5538321167883212 0.5726027397260275 0.04562043795620419 0.07123287671232854
0 0.5465328467153285 0.39726027397260283 0.0419708029197076 0.07123287671232852
0 0.5218978102189781 0.3109589041095891 0.04379562043795544 0.07397260273972582
0 0.5246350364963505 0.49041095890410974 0.04562043795620419 0.07123287671232854
0 0.5319343065693432 0.6684931506849315 0.04562043795620419 0.07123287671232854
0 0.4972627737226278 0.5863013698630138 0.04562043795620419 0.07123287671232854
0 0.4644160583941606 0.6794520547945205 0.04562043795620419 0.07123287671232854
0 0.5009124087591242 0.767123287671233 0.04562043795620419 0.07123287671232854
0 0.5392335766423358 0.841095890410959 0.04562043795620419 0.07123287671232854
0 0.4552919708029198 0.5013698630136987 0.04562043795620419 0.07123287671232854
0 0.4863138686131388 0.40547945205479463 0.04562043795620419 0.07123287671232854
0 0.4187956204379563 0.4136986301369865 0.04562043795620419 0.07123287671232854
0 0.39689781021897813 0.5095890410958905 0.04562043795620419 0.07123287671232854
0 0.42791970802919715 0.5945205479452056 0.04562043795620419 0.07123287671232854
0 0.4060218978102191 0.6986301369863014 0.04562043795620419 0.07123287671232854
0 0.3677007299270074 0.6109589041095892 0.04562043795620419 0.07123287671232854
0 0.31660583941605835 0.5219178082191782 0.04927007299270047 0.07397260273972577
0 0.35492700729927007 0.4178082191780823 0.04927007299270047 0.07397260273972577
0 0.27828467153284664 0.4315068493150686 0.04927007299270047 0.07397260273972577
0 0.2846715328467153 0.6205479452054795 0.05109489051094871 0.07945205479452047
0 0.2536496350364963 0.7246575342465755 0.05109489051094871 0.07945205479452047
0 0.33029197080291967 0.7136986301369863 0.05109489051094871 0.07945205479452047
0 0.29379562043795615 0.8041095890410959 0.05109489051094871 0.07945205479452047
0 0.3686131386861314 0.7931506849315069 0.05109489051094871 0.07945205479452047
0 0.18430656934306566 0.9383561643835617 0.05109489051094871 0.07945205479452047
0 0.26824817518248173 0.9164383561643835 0.05109489051094871 0.07945205479452047
0 0.3375912408759124 0.9 0.05109489051094871 0.07945205479452047
0 0.4142335766423356 0.8821917808219181 0.047445255474452525 0.0767123287671226
0 0.47171532846715314 0.8602739726027397 0.04927007299270072 0.07123287671232892
0 0.43156934306569333 0.7753424657534247 0.04927007299270072 0.07123287671232892
0 0.5629562043795616 0.9164383561643834 0.04197080291970831 0.0684931506849318
0 0.5136861313868609 0.9383561643835614 0.04197080291970831 0.0684931506849318
0 0.44251824817518215 0.9575342465753423 0.04197080291970831 0.0684931506849318
0 0.3804744525547441 0.9698630136986297 0.04562043795620491 0.0602739726027397
0 0.30474452554744474 0.9780821917808221 0.0474452554744531 0.04383561643835614
0 0.6797445255474455 0.04246575342465744 0.03832116788321136 0.05753424657534253
0 0.7198905109489053 0.058904109589041 0.03832116788321145 0.06849315068493154
0 0.2636861313868614 0.03287671232876715 0.060218978102189846 0.0657534246575343
0 0.177919708029197 0.038356164383561674 0.060218978102189784 0.07671232876712335
0 0.09945255474452543 0.032876712328767155 0.060218978102189784 0.06575342465753431
0 0.8266423357664238 0.0643835616438355 0.03649635036496372 0.052054794520547995
0 0.8832116788321172 0.058904109589040986 0.03649635036496372 0.05753424657534253
0 0.8649635036496354 0.13835616438356155 0.03649635036496372 0.05753424657534253
0 0.8357664233576645 0.2178082191780821 0.03649635036496372 0.05753424657534253
0 0.9032846715328471 0.13835616438356158 0.03649635036496372 0.05753424657534253
0 0.9580291970802923 0.13835616438356158 0.03649635036496372 0.05753424657534253
0 0.9854014598540141 0.14109589041095874 0.029197080291970393 0.05753424657534249
0 0.9635036496350361 0.2150684931506848 0.029197080291970393 0.05753424657534249
0 0.9270072992700726 0.2150684931506848 0.029197080291970393 0.05753424657534249
0 0.8759124087591236 0.21780821917808205 0.029197080291970393 0.05753424657534249
0 0.8740875912408752 0.295890410958904 0.032846715328466856 0.06027397260273973
0 0.9251824817518242 0.29041095890410945 0.032846715328466856 0.06027397260273973
0 0.961678832116788 0.2863013698630136 0.029197080291970105 0.057534246575342465
0 0.9762773722627733 0.3575342465753424 0.029197080291970105 0.057534246575342465
0 0.9671532846715326 0.43698630136986283 0.029197080291970105 0.057534246575342465
0 0.9708029197080289 0.49999999999999983 0.029197080291970105 0.057534246575342465
0 0.9671532846715326 0.5794520547945203 0.029197080291970105 0.057534246575342465
0 0.9817518248175179 0.6397260273972601 0.029197080291970105 0.057534246575342465
0 0.9744525547445252 0.7219178082191778 0.029197080291970105 0.057534246575342465
0 0.985401459854015 0.7794520547945204 0.029197080291970105 0.057534246575342465
0 0.9324817518248172 0.7904109589041094 0.029197080291970105 0.057534246575342465
0 0.9489051094890507 0.6561643835616436 0.029197080291970105 0.057534246575342465
0 0.9160583941605835 0.5849315068493149 0.029197080291970105 0.057534246575342465
0 0.9361313868613135 0.5082191780821915 0.029197080291970105 0.057534246575342465
0 0.9169708029197077 0.43698630136986283 0.031021897810218402 0.06301369863013713
0 0.8749999999999996 0.4397260273972601 0.031021897810218402 0.06301369863013713
0 0.8859489051094888 0.5136986301369861 0.031021897810218402 0.06301369863013713
0 0.8804744525547441 0.5958904109589039 0.031021897810218402 0.06301369863013713
0 0.8877737226277368 0.6616438356164381 0.031021897810218402 0.06301369863013713
0 0.8841240875912402 0.7465753424657532 0.03832116788321101 0.06301369863013696
0 0.8531021897810213 0.8205479452054791 0.03832116788321101 0.06301369863013696
0 0.8622262773722621 0.9493150684931504 0.03832116788321101 0.06301369863013696
0 0.914233576642335 0.9410958904109585 0.03649635036496282 0.06301369863013727
0 0.9899635036496346 0.9136986301369855 0.02007299270072739 0.0630136986301373
0 0.9078467153284662 0.812328767123286 0.031021897810217355 0.06301369863013848
0 0.8521897810218968 0.6712328767123275 0.0328467153284647 0.06027397260274061
0 0.8439781021897806 0.5246575342465751 0.031021897810218402 0.06301369863013713
0 0.8421532846715326 0.37123287671232846 0.03467153284671466 0.06301369863013713
0 0.8804744525547441 0.36575342465753397 0.03467153284671466 0.06301369863013713
0 0.9388686131386857 0.36575342465753397 0.03467153284671466 0.06301369863013713
0 0.9224452554744518 0.7328767123287669 0.03467153284671485 0.05753424657534258
