0 0.08029197080291971 0.7890410958904107 0.08029197080291971 0.1095890410958904
0 0.14233576642335766 0.6356164383561641 0.08029197080291971 0.1095890410958904
0 0.08576642335766423 0.48767123287671205 0.08029197080291971 0.1095890410958904
0 0.20437956204379565 0.49315068493150654 0.08029197080291971 0.1095890410958904
0 0.145985401459854 0.3452054794520545 0.08029197080291971 0.1095890410958904
0 0.06113138686131389 0.2164383561643831 0.0748175182481752 0.10958904109589039
0 0.26186131386861317 0.3424657534246571 0.0748175182481752 0.10958904109589039
0 0.37043795620437964 0.3452054794520544 0.06934306569343074 0.10958904109589039
0 0.48357664233576647 0.3369863013698625 0.06934306569343074 0.10958904109589039
0 0.5839416058394161 0.3506849315068489 0.06934306569343074 0.10958904109589039
0 0.6934306569343066 0.3561643835616433 0.06934306569343082 0.104109589041096
0 0.7463503649635037 0.25890410958904064 0.062043795620438234 0.10136986301369866
0 0.8521897810218979 0.2616438356164379 0.062043795620438234 0.10136986301369866
0 0.7062043795620435 0.046575342465753435 0.062043795620438186 0.09315068493150687
0 0.8211678832116784 0.0452054794520548 0.06204379562043818 0.0904109589041096
0 0.6177007299270072 0.03835616438356167 0.06751824817518318 0.07671232876712333
0 0.5045620437956202 0.03698630136986303 0.06751824817518315 0.07397260273972606
0 0.8093065693430659 0.39041095890410965 0.0602189781021908 0.10136986301369856
0 0.8585766423357666 0.519178082191781 0.0602189781021908 0.10136986301369856
0 0.7545620437956205 0.49726027397260286 0.0602189781021908 0.10136986301369856
0 0.8147810218978104 0.656164383561644 0.0602189781021908 0.10136986301369856
0 0.8549270072992702 0.7849315068493152 0.0602189781021908 0.10136986301369856
0 0.8275547445255477 0.9273972602739728 0.0602189781021908 0.10136986301369856
0 0.7618613138686133 0.7876712328767126 0.0602189781021908 0.10136986301369856
0 0.7189781021897811 0.6465753424657535 0.06204379562043887 0.10410958904109596
0 0.6368613138686132 0.5013698630136987 0.062043795620438866 0.10410958904109596
0 0.6085766423357665 0.6493150684931507 0.06386861313868691 0.10410958904109595
0 0.5401459854014599 0.4904109589041095 0.06569343065693498 0.10410958904109593
0 0.4917883211678834 0.6315068493150686 0.06751824817518318 0.10684931506849304
0 0.5447080291970804 0.7794520547945207 0.06751824817518318 0.10684931506849304
0 0.6523722627737227 0.7876712328767126 0.06751824817518318 0.10684931506849304
0 0.49361313868613155 0.9273972602739728 0.06751824817518318 0.10684931506849304
0 0.6012773722627738 0.9219178082191783 0.06751824817518318 0.10684931506849304
0 0.7253649635036497 0.9356164383561647 0.06751824817518318 0.10684931506849304
0 0.42974452554744536 0.7767123287671235 0.06751824817518318 0.10684931506849304
0 0.38047445255474466 0.9273972602739728 0.07116788321167959 0.10684931506849309
0 0.3202554744525548 0.782191780821918 0.07116788321167959 0.10684931506849309
0 0.2636861313868616 0.9383561643835613 0.07481751824817622 0.10684931506849293
0 0.20164233576642362 0.7821917808219173 0.07481751824817622 0.11232876712328793
0 0.14142335766423386 0.9410958904109584 0.07481751824817622 0.11232876712328793
0 0.029197080291971312 0.9479452054794513 0.058394160583942624 0.10410958904109506
0 0.03102189781021949 0.6383561643835611 0.06204379562043898 0.11506849315068393
0 0.26642335766423403 0.635616438356164 0.07664233576642433 0.11506849315068396
0 0.37408759124087626 0.6342465753424652 0.07664233576642433 0.10684931506849217
0 0.4297445255474457 0.4835616438356159 0.07116788321167983 0.10684931506849216
0 0.32299270072992736 0.48904109589041056 0.07299270072992799 0.10684931506849216
0 0.2819343065693427 0.0315068493150685 0.07481751824817574 0.063013698630137
