0 0.7718978102189782 0.8191780821917809 0.058394160583941604 0.08767123287671233
0 0.9671532846715328 0.8191780821917809 0.058394160583941604 0.08767123287671233
0 0.9762773722627738 0.5863013698630148 0.04744525547445238 0.08767123287671247
0 0.97992700729927 0.3397260273972617 0.04014598540145884 0.0876712328767125
0 0.97992700729927 0.3397260273972617 0.04014598540145884 0.0876712328767125
0 0.6970802919708029 0.852054794520548 0.058394160583941604 0.08767123287671233
0 0.5948905109489051 0.8726027397260272 0.062043795620437915 0.09589041095890473
0 0.5063868613138687 0.9041095890410954 0.06386861313868629 0.09863013698630196
0 0.39598540145985417 0.9246575342465746 0.06569343065693435 0.10136986301369987
0 0.2855839416058395 0.9534246575342461 0.0748175182481751 0.09315068493150809
0 0.15967153284671542 0.9575342465753421 0.0748175182481751 0.08493150684931633
0 0.09397810218978109 0.83972602739726 0.07846715328467146 0.10684931506849456
0 0.033759124087591214 0.7150684931506847 0.06751824817518243 0.1315068493150697
0 0.02828467153284669 0.38356164383561636 0.05656934306569338 0.13150684931506976
0 0.09032846715328464 0.5342465753424656 0.08576642335766421 0.1315068493150697
0 0.14324817518248176 0.36301369863013677 0.08576642335766421 0.12876712328767248
0 0.271897810218978 0.3575342465753424 0.08029197080291971 0.12328767123287776
0 0.20985401459854006 0.19863013698630133 0.08029197080291971 0.12328767123287776
0 0.12864963503649623 0.049315068493151204 0.08941605839416061 0.09863013698630241
0 0.262773722627737 0.04794520547945256 0.08394160583941593 0.09589041095890512
0 0.37682481751824787 0.04657534246575393 0.07846715328467133 0.09315068493150785
0 0.7901459854014595 0.04657534246575389 0.06569343065693428 0.09315068493150779
0 0.7536496350364961 0.1780821917808224 0.06204379562043799 0.0986301369863023
0 0.784671532846715 0.3068493150684936 0.06204379562043799 0.09863013698630228
0 0.7080291970802917 0.32328767123287716 0.06204379562043799 0.09863013698630228
0 0.7463503649635034 0.4493150684931511 0.06204379562043799 0.09863013698630228
0 0.7791970802919705 0.5726027397260278 0.06204379562043799 0.09863013698630228
0 0.7354014598540143 0.7068493150684937 0.06204379562043799 0.09863013698630228
0 0.700729927007299 0.5917808219178087 0.06204379562043799 0.09863013698630228
0 0.6551094890510946 0.4630136986301374 0.06204379562043799 0.09863013698630228
0 0.5948905109489045 0.32465753424657573 0.062043795620437985 0.1013698630136996
0 0.548357664233576 0.4739726027397262 0.0675182481751826 0.10410958904109702
0 0.5939781021897804 0.6027397260273974 0.06751824817518258 0.10410958904109702
0 0.6523722627737221 0.7369863013698631 0.06751824817518258 0.10410958904109702
0 0.5501824817518243 0.7479452054794521 0.06751824817518258 0.10410958904109702
0 0.5082116788321163 0.6328767123287673 0.06751824817518258 0.10410958904109702
0 0.45529197080291955 0.4986301369863015 0.0675182481751826 0.1205479452054808
0 0.5009124087591236 0.33698630136986324 0.06751824817518258 0.11506849315068625
0 0.38412408759124034 0.3424657534246577 0.06751824817518258 0.10410958904109702
0 0.33029197080291905 0.5013698630136987 0.07299270072992715 0.11506849315068625
0 0.44981751824817456 0.1890410958904111 0.0711678832116791 0.11506849315068612
0 0.5465328467153278 0.18356164383561657 0.0711678832116791 0.1095890410958916
0 0.666058394160583 0.18219178082191795 0.06934306569343049 0.1068493150684943
0 0.32025547445255387 0.19178082191780838 0.07481751824817519 0.115068493150686
0 0.2235401459854005 0.5287671232876714 0.07846715328467156 0.11506849315068612
0 0.28193430656934215 0.6684931506849316 0.07846715328467156 0.11506849315068612
0 0.38777372262773624 0.6410958904109588 0.07116788321167877 0.10958904109589207
0 0.3403284671532837 0.7972602739726028 0.07116788321167877 0.10958904109589207
0 0.4516423357664224 0.7835616438356164 0.07116788321167877 0.10958904109589207
0 0.22810218978102095 0.828767123287671 0.07664233576642326 0.1123287671232899
0 0.15693430656934212 0.6808219178082191 0.08029197080291967 0.11780821917808396
