0 0.9562043795620438 0.9315068493150684 0.06934306569343066 0.1095890410958904
0 0.8439781021897808 0.9315068493150684 0.06751824817518225 0.10410958904109587
0 0.9096715328467151 0.7041095890410958 0.06751824817518225 0.10410958904109587
0 0.7947080291970801 0.7109589041095891 0.06386861313868566 0.10136986301369891
0 0.7052919708029195 0.6945205479452053 0.07116788321167847 0.10136986301369891
0 0.5921532846715326 0.6972602739726025 0.07116788321167847 0.10136986301369891
0 0.48631386861313836 0.6835616438356164 0.07116788321167847 0.10136986301369891
0 0.36952554744525506 0.6904109589041093 0.07116788321167845 0.10958904109589053
0 0.24908759124087554 0.6739726027397258 0.07116788321167845 0.10958904109589053
0 0.13047445255474416 0.6794520547945201 0.07846715328467119 0.10958904109589047
0 0.13959854014598502 0.9095890410958899 0.07846715328467119 0.10958904109589047
0 0.3129562043795616 0.5342465753424654 0.0748175182481748 0.10410958904109589
0 0.4242700729927003 0.550684931506849 0.0748175182481748 0.10410958904109592
0 0.5410583941605835 0.5397260273972599 0.0748175182481748 0.10410958904109592
0 0.6523722627737222 0.5520547945205477 0.067518248175182 0.10136986301369863
0 0.7655109489051091 0.5465753424657532 0.067518248175182 0.10136986301369863
0 0.847627737226277 0.5712328767123285 0.067518248175182 0.10136986301369863
0 0.8339416058394155 0.521917808219178 0.05839416058394127 0.09041095890410938
0 0.8375912408759117 0.3246575342465753 0.05839416058394127 0.09041095890410938
0 0.8740875912408752 0.21506849315068483 0.05839416058394127 0.09041095890410938
0 0.830291970802919 0.07808219178082182 0.05839416058394127 0.09041095890410938
0 0.7417883211678826 0.050684931506849204 0.060218978102189444 0.09041095890410938
0 0.6322992700729918 0.05342465753424647 0.06751824817518191 0.09041095890410938
0 0.535583941605839 0.03972602739726016 0.06751824817518193 0.07945205479452032
0 0.4297445255474448 0.03972602739726016 0.06751824817518193 0.07945205479452032
0 0.3239051094890503 0.030136986301369743 0.06751824817518193 0.060273972602739485
0 0.21624087591240795 0.030136986301369743 0.06751824817518193 0.060273972602739485
0 0.04470802919707949 0.11780821917808208 0.07481751824817462 0.09863013698630109
0 0.09215328467153204 0.25479452054794516 0.07481751824817462 0.09863013698630109
0 0.1560218978102182 0.14246575342465742 0.07481751824817462 0.09863013698630109
0 0.2673357664233568 0.14246575342465742 0.07481751824817462 0.09863013698630109
0 0.37043795620437875 0.16712328767123277 0.07299270072992643 0.09863013698630109
0 0.4781021897810211 0.16986301369863008 0.07299270072992643 0.09863013698630109
0 0.5793795620437948 0.18767123287671225 0.06751824817518202 0.09589041095890384
0 0.685218978102189 0.184931506849315 0.06751824817518202 0.09589041095890384
0 0.7755474452554738 0.2150684931506848 0.05839416058394126 0.09041095890410934
0 0.7481751824817511 0.29999999999999977 0.06569343065693373 0.09041095890410931
0 0.6386861313868605 0.302739726027397 0.06569343065693373 0.09041095890410931
0 0.7007299270072983 0.42191780821917774 0.06569343065693371 0.09315068493150655
0 0.5912408759124079 0.42739726027397223 0.06569343065693371 0.09315068493150656
0 0.4799270072992689 0.41232876712328725 0.0656934306569337 0.10684931506849278
0 0.536496350364962 0.29041095890410923 0.06569343065693367 0.09863013698630109
0 0.42244525547445116 0.2931506849315065 0.06751824817518184 0.09863013698630109
0 0.316605839416057 0.2712328767123284 0.06751824817518184 0.09863013698630109
0 0.3677007299270059 0.4164383561643832 0.06751824817518184 0.09863013698630109
0 0.19251824817518115 0.5287671232876708 0.07116788321167826 0.09863013698630109
0 0.0757299270072979 0.5095890410958901 0.07481751824817452 0.09863013698630109
0 0.26003649635036363 0.39999999999999963 0.06751824817518184 0.09863013698630109
0 0.031021897810218645 0.37808219178082153 0.06204379562043729 0.09863013698630105
