0 0.07937956204379562 0.8643835616438357 0.07481751824817519 0.10684931506849313
0 0.19251824817518248 0.8479452054794521 0.07481751824817519 0.10684931506849313
0 0.30565693430656937 0.8397260273972603 0.07481751824817519 0.10684931506849313
0 0.1322992700729927 0.7136986301369863 0.07481751824817519 0.10684931506849313
0 0.18704379562043796 0.5575342465753425 0.07481751824817519 0.10684931506849313
0 0.24908759124087587 0.7164383561643837 0.07481751824817519 0.10684931506849313
0 0.302007299270073 0.5547945205479452 0.07481751824817519 0.10684931506849313
0 0.364051094890511 0.7 0.07481751824817519 0.10684931506849313
0 0.0666058394160584 0.5712328767123287 0.07481751824817519 0.10684931506849313
0 0.12226277372262773 0.4232876712328767 0.07664233576642336 0.10684931506849313
0 0.057481751824817504 0.26986301369863 0.07481751824817516 0.11232876712328776
0 0.1788321167883212 0.26438356164383564 0.07664233576642336 0.10684931506849313
0 0.11496350364963501 0.11506849315068493 0.07664233576642336 0.10958904109589045
0 0.23905109489051088 0.11506849315068493 0.07664233576642336 0.10958904109589045
0 0.35218978102189774 0.11232876712328765 0.07664233576642336 0.10958904109589045
0 0.2974452554744525 0.2657534246575342 0.07664233576642336 0.10958904109589045
0 0.4051094890510948 0.26027397260273966 0.07664233576642336 0.10958904109589045
0 0.4689781021897809 0.11506849315068493 0.07664233576642336 0.10958904109589045
0 0.5237226277372266 0.2616438356164382 0.07299270072992631 0.10136986301369853
0 0.5875912408759129 0.13013698630136986 0.07299270072992636 0.10136986301369856
0 0.6989051094890515 0.13013698630136974 0.07299270072992631 0.10136986301369856
0 0.6322992700729926 0.2698630136986301 0.0675182481751826 0.10136986301369857
0 0.739963503649635 0.2698630136986301 0.06751824817518258 0.10136986301369857
0 0.8366788321167883 0.27260273972602744 0.06386861313868644 0.1013698630136984
0 0.8001824817518248 0.1356164383561644 0.06386861313868644 0.1013698630136984
0 0.8056569343065693 0.40684931506849326 0.06386861313868644 0.1013698630136984
0 0.8366788321167883 0.5328767123287672 0.06386861313868644 0.1013698630136984
0 0.8284671532846717 0.7863013698630138 0.06204379562043878 0.09315068493150662
0 0.7992700729927009 0.6698630136986303 0.06204379562043878 0.09589041095890387
0 0.7408759124087593 0.5410958904109591 0.06204379562043878 0.09589041095890387
0 0.70529197080292 0.415068493150685 0.06386861313868747 0.10136986301369859
0 0.6250000000000003 0.53013698630137 0.06386861313868747 0.10136986301369859
0 0.6925182481751828 0.6753424657534248 0.06386861313868747 0.10136986301369859
0 0.736313868613139 0.7986301369863014 0.06386861313868747 0.10136986301369859
0 0.7782846715328471 0.9191780821917809 0.06386861313868747 0.10136986301369859
0 0.5821167883211682 0.40136986301369876 0.069343065693432 0.10136986301369859
0 0.47445255474452597 0.40684931506849326 0.069343065693432 0.10136986301369859
0 0.3604014598540148 0.41095890410958913 0.07116788321167988 0.10410958904109575
0 0.24635036496350401 0.41917808219178093 0.07299270072992833 0.10410958904109573
0 0.40967153284671554 0.5452054794520549 0.07116788321167988 0.10410958904109575
0 0.5228102189781024 0.5397260273972604 0.07116788321167988 0.10410958904109575
0 0.4753649635036499 0.693150684931507 0.07116788321167988 0.10410958904109575
0 0.4133211678832119 0.8219178082191781 0.07116788321167988 0.10410958904109575
0 0.5246350364963506 0.819178082191781 0.07116788321167988 0.10410958904109575
0 0.47718978102189796 0.9589041095890412 0.07116788321167988 0.08219178082191769
0 0.5766423357664235 0.9369863013698628 0.06934306569343178 0.09315068493150608
0 0.686131386861314 0.9369863013698628 0.06934306569343178 0.09315068493150608
0 0.6186131386861315 0.7945205479452053 0.06934306569343178 0.09315068493150608
0 0.5748175182481754 0.6739726027397259 0.06934306569343178 0.09863013698630063
0 0.36496350364963503 0.9602739726027402 0.06934306569343177 0.07945205479451971
0 0.2609489051094891 0.9712328767123292 0.06934306569343178 0.057534246575341015
0 0.14051094890510946 0.9712328767123292 0.06934306569343175 0.057534246575341653
0 0.027372262773722626 0.7328767123287665 0.05474452554744525 0.10684931506849309
0 0.020072992700729927 0.4342465753424652 0.040145985401459854 0.10684931506849304
