0 0.9534671532846716 0.09589041095890412 0.03467153284671533 0.07123287671232877
0 0.9890510948905109 0.09863013698630134 0.021897810218977885 0.07123287671232874
0 0.9890510948905111 0.19452054794520543 0.021897810218977885 0.07123287671232874
0 0.9890510948905111 0.28767123287671226 0.021897810218977885 0.07123287671232874
0 0.9890510948905111 0.3780821917808218 0.021897810218977885 0.07123287671232874
0 0.9863138686131385 0.47397260273972597 0.027372262773722403 0.07123287671232871
0 0.9844890510948904 0.5534246575342465 0.027372262773722403 0.07123287671232871
0 0.9552919708029195 0.558904109589041 0.027372262773722403 0.07123287671232871
0 0.9470802919708029 0.4767123287671232 0.032846715328466745 0.07123287671232871
0 0.9562043795620437 0.3863013698630136 0.032846715328466745 0.07123287671232871
0 0.95985401459854 0.2931506849315067 0.032846715328466745 0.07123287671232871
0 0.95985401459854 0.19452054794520537 0.032846715328466745 0.07123287671232871
0 0.9717153284671531 0.6438356164383561 0.027372262773722403 0.07123287671232871
0 0.9361313868613138 0.6630136986301369 0.029197080291970587 0.07123287671232871
0 0.9762773722627736 0.7150684931506849 0.029197080291970587 0.07123287671232871
0 0.9881386861313866 0.8383561643835606 0.023722627737224798 0.07123287671232865
0 0.9434306569343065 0.8547945205479452 0.029197080291970587 0.07123287671232871
0 0.9041970802919707 0.7561643835616434 0.03102189781021875 0.07123287671232865
0 0.8768248175182483 0.6712328767123288 0.03102189781021866 0.07123287671232871
0 0.8293795620437955 0.7671232876712324 0.03102189781021875 0.07123287671232865
0 0.8385036496350363 0.6931506849315063 0.03102189781021875 0.07123287671232865
0 0.7910583941605839 0.7904109589041093 0.034671532846715224 0.0794520547945195
0 0.770985401459854 0.7054794520547939 0.03832116788321132 0.07397260273972574
0 0.8987226277372262 0.09041095890410958 0.03467153284671533 0.07123287671232877
0 0.9060218978102189 0.19452054794520549 0.03467153284671533 0.07123287671232877
0 0.896897810218978 0.28493150684931506 0.03467153284671533 0.07123287671232877
0 0.8987226277372262 0.37534246575342467 0.03467153284671533 0.07123287671232877
0 0.884124087591241 0.4794520547945206 0.03467153284671533 0.07123287671232877
0 0.8950729927007299 0.5671232876712329 0.03467153284671533 0.07123287671232877
0 0.849452554744527 0.07534246575342465 0.03467153284671536 0.07945205479452054
0 0.8658759124087605 0.17945205479452056 0.03467153284671536 0.07945205479452054
0 0.8549270072992715 0.28904109589041094 0.03467153284671536 0.07945205479452054
0 0.8585766423357678 0.3849315068493151 0.03467153284671536 0.07945205479452054
0 0.8476277372262788 0.489041095890411 0.03467153284671536 0.07945205479452054
0 0.8549270072992715 0.5821917808219178 0.03467153284671536 0.07945205479452054
0 0.7874087591240889 0.06712328767123286 0.03467153284671536 0.07945205479452054
0 0.8020072992700744 0.17945205479452056 0.03467153284671536 0.07945205479452054
0 0.7892335766423372 0.29178082191780824 0.03467153284671536 0.07945205479452054
0 0.7983576642335781 0.38767123287671235 0.03467153284671536 0.07945205479452054
0 0.7855839416058419 0.4999999999999997 0.034671532846715376 0.0739726027397266
0 0.7928832116788347 0.5904109589041093 0.034671532846715376 0.0739726027397266
0 0.7381386861313891 0.513698630136986 0.038321167883211396 0.0794520547945211
0 0.74726277372263 0.6095890410958902 0.038321167883211396 0.0794520547945211
0 0.7271897810219001 0.7301369863013696 0.038321167883211396 0.0794520547945211
0 0.7308394160583964 0.8123287671232873 0.038321167883211396 0.0794520547945211
0 0.7545620437956226 0.39863013698630106 0.038321167883211396 0.0794520547945211
0 0.7436131386861337 0.29452054794520516 0.038321167883211396 0.0794520547945211
0 0.758211678832119 0.18219178082191745 0.038321167883211396 0.0794520547945211
0 0.736313868613141 0.06712328767123253 0.038321167883211396 0.0794520547945211
0 0.6642335766423377 0.06027397260273938 0.04014598540145901 0.08219178082191834
0 0.6843065693430677 0.1753424657534243 0.04014598540145901 0.08219178082191834
0 0.6706204379562063 0.2931506849315065 0.04197080291970719 0.0821917808219184
0 0.6852189781021917 0.402739726027397 0.04197080291970719 0.0821917808219184
0 0.6614963503649655 0.5205479452054792 0.04197080291970719 0.0821917808219184
0 0.6742700729927026 0.6191780821917806 0.04197080291970719 0.0821917808219184
0 0.6541970802919728 0.7424657534246571 0.04197080291970719 0.0821917808219184
0 0.6797445255474471 0.8328767123287668 0.04197080291970719 0.0821917808219184
0 0.6140510948905129 0.2999999999999996 0.04562043795620352 0.08493150684931569
0 0.6268248175182501 0.17671232876712292 0.04562043795620352 0.08493150684931569
0 0.6286496350364983 0.40958904109589 0.04562043795620352 0.08493150684931569
0 0.6049270072992721 0.056164383561643445 0.04562043795620352 0.08493150684931569
0 0.5447080291970823 0.17945205479452017 0.04562043795620352 0.08493150684931569
0 0.5328467153284692 0.30821917808219135 0.047445255474451796 0.08493150684931566
0 0.54197080291971 0.41780821917808175 0.047445255474451796 0.08493150684931566
0 0.6040145985401479 0.5383561643835613 0.047445255474451796 0.08493150684931566
0 0.624087591240878 0.6424657534246572 0.047445255474451796 0.08493150684931566
0 0.5967153284671552 0.7657534246575339 0.047445255474451796 0.08493150684931566
0 0.6067518248175203 0.8506849315068489 0.04562043795620362 0.08493150684931566
0 0.5556569343065714 0.8835616438356161 0.04562043795620362 0.08493150684931566
0 0.5173357664233597 0.7767123287671228 0.04562043795620362 0.08493150684931566
0 0.5374087591240897 0.6506849315068489 0.04562043795620362 0.08493150684931566
0 0.5246350364963525 0.5465753424657529 0.04562043795620362 0.08493150684931566
0 0.47718978102189985 0.4301369863013692 0.0492700729927 0.08767123287671316
0 0.47718978102189985 0.668493150684931 0.0492700729927 0.08767123287671316
0 0.4753649635036517 0.9041095890410955 0.0492700729927 0.08767123287671316
0 0.26459854014598727 0.13287671232876652 0.05839416058394054 0.09589041095890498
0 0.22810218978102376 0.275342465753424 0.05839416058394054 0.09589041095890498
0 0.2700729927007318 0.4068493150684925 0.05839416058394054 0.09589041095890498
0 0.27372262773722816 0.6780821917808213 0.05839416058394054 0.09589041095890498
0 0.2308394160583961 0.5534246575342461 0.06386861313868518 0.09863013698630205
0 0.1815693430656954 0.42465753424657476 0.06386861313868518 0.09863013698630205
0 0.13047445255474652 0.5767123287671225 0.07116788321167804 0.11232876712328886
0 0.1852189781021918 0.7082191780821909 0.07116788321167804 0.11232876712328886
0 0.07390510948905311 0.7246575342465745 0.07116788321167804 0.11232876712328886
0 0.05930656934306772 0.43150684931506766 0.07116788321167804 0.11232876712328886
0 0.027372262773722227 0.5986301369863004 0.05474452554744445 0.11232876712328882
0 0.029197080291970393 0.8890410958904096 0.058394160583940785 0.11232876712328874
0 0.139598540145985 0.8643835616438337 0.06751824817518169 0.11232876712328874
0 0.22901459854014564 0.8219178082191761 0.06386861313868528 0.09863013698630244
0 0.2691605839416055 0.9287671232876693 0.06386861313868528 0.09863013698630244
0 0.19251824817518182 0.9630136986301362 0.06386861313868523 0.07397260273972658
0 0.020072992700729476 0.2863013698630129 0.04014598540145895 0.11232876712328839
0 0.1341240875912428 0.2835616438356159 0.06751824817518152 0.11780821917808276
